1E.BCH1A.              55.83243     -120.25896          689.0            0.0 
  HHE             90              0              1
  HHN              0              0              1
  HHZ              0            -90              1
    R        106.131              0              1
    T       -163.869              0              1
    Z              0            -90              1
1E.BCH2A.              55.94607     -120.35610          761.0            0.0 
  HHE             90              0              1
  HHN              0              0              1
  HHZ              0            -90              1
    R         70.759              0              1
    T        160.759              0              1
    Z              0            -90              1
1E.MONT1.              55.91015     -120.58654          697.0            0.0 
  HHE             90              0              1
  HHN              0              0              1
  HHZ              0            -90              1
    R        53.6759              0              1
    T        143.676              0              1
    Z              0            -90              1
1E.MONT2.              56.01972     -120.04697          642.0            0.0 
  HHE             90              0              1
  HHN              0              0              1
  HHZ              0            -90              1
    R         68.897              0              1
    T        158.897              0              1
    Z              0            -90              1
1E.MONT3.              56.00578     -120.45388          783.0            0.0 
  HHE             90              0              1
  HHN              0              0              1
  HHZ              0            -90              1
    R        41.0626              0              1
    T        131.063              0              1
    Z              0            -90              1
1E.MONT4.              57.31841     -122.70567         1110.0            0.0 
  HHE             90              0              1
  HHN              0              0              1
  HHZ              0            -90              1
    R       -39.5606              0              1
    T        50.4394              0              1
    Z              0            -90              1
1E.MONT7.              56.30795     -122.03161          797.0            0.0 
  HHE             90              0              1
  HHN              0              0              1
  HHZ              0            -90              1
    R       -62.5668              0              1
    T        27.4332              0              1
    Z              0            -90              1
1E.MONT8.              56.06731     -120.77743          695.0            0.0 
  HHE             90              0              1
  HHN              0              0              1
  HHZ              0            -90              1
    R       -25.2258              0              1
    T        64.7742              0              1
    Z              0            -90              1
1E.MONT9.              55.80390     -120.53876          832.0            0.0 
  HHE             90              0              1
  HHN              0              0              1
  HHZ              0            -90              1
    R        149.809              0              1
    T       -120.191              0              1
    Z              0            -90              1
1E.MONTA.              56.10432     -121.07004          651.0            0.0 
  HHE             90              0              1
  HHN              0              0              1
  HHZ              0            -90              1
    R       -49.3881              0              1
    T        40.6119              0              1
    Z              0            -90              1
CN.BMTB.               56.04510     -122.13320         1099.0            0.0 
  HHE             90              0              1
  HHN              0              0              1
  HHZ              0            -90              1
    R       -80.3136              0              1
    T        9.68637              0              1
    Z              0            -90              1
EO.KSM01.              56.02101     -120.55367          773.0            0.0 
  HHE             90              0              1
  HHN              0              0              1
  HHZ              0            -90              1
    R        18.4378              0              1
    T        108.438              0              1
    Z              0            -90              1
EO.KSM02.              55.88660     -120.44070          730.0            0.0 
  HHE             90              0              1
  HHN              0              0              1
  HHZ              0            -90              1
    R        93.0396              0              1
    T        -176.96              0              1
    Z              0            -90              1
EO.KSM03.              55.83998     -120.13802          652.0            0.0 
  HHE             90              0              1
  HHN              0              0              1
  HHZ              0            -90              1
    R        100.889              0              1
    T       -169.111              0              1
    Z              0            -90              1
EO.KSM04.              55.77393     -120.64431          705.0            0.0 
  HHE             90              0              1
  HHN              0              0              1
  HHZ              0            -90              1
    R       -176.196              0              1
    T        -86.196              0              1
    Z              0            -90              1
EO.KSM05.              55.79274     -120.20980          759.0            0.0 
  HHE             90              0              1
  HHN              0              0              1
  HHZ              0            -90              1
    R        112.996              0              1
    T       -157.004              0              1
    Z              0            -90              1
EO.KSM06.              55.95009     -120.71286          752.0            0.0 
  HHE             90              0              1
  HHN              0              0              1
  HHZ              0            -90              1
    R       -38.6128              0              1
    T        51.3872              0              1
    Z              0            -90              1
EO.KSM07.              56.00200     -120.92094          803.0            0.0 
  HHE             90              0              1
  HHN              0              0              1
  HHZ              0            -90              1
    R       -56.0901              0              1
    T        33.9099              0              1
    Z              0            -90              1
EO.KSM08.              56.02038     -120.13062          718.0            0.0 
  HHE             90              0              1
  HHN              0              0              1
  HHZ              0            -90              1
    R        65.5724              0              1
    T        155.572              0              1
    Z              0            -90              1
EO.KSM09.              56.16734     -120.27963          644.0            0.0 
  HHE             90              0              1
  HHN              0              0              1
  HHZ              0            -90              1
    R        35.5925              0              1
    T        125.592              0              1
    Z              0            -90              1
EO.KSM10.              56.08245     -120.78444          715.0            0.0 
  HHE             90              0              1
  HHN              0              0              1
  HHZ              0            -90              1
    R       -24.4331              0              1
    T        65.5669              0              1
    Z              0            -90              1
EO.KSM11.              55.95012     -120.45127          677.0            0.0 
  HHE             90              0              1
  HHN              0              0              1
  HHZ              0            -90              1
    R        60.0318              0              1
    T        150.032              0              1
    Z              0            -90              1
EO.KSM12.              55.87266     -120.66785          706.0            0.0 
  HHE             90              0              1
  HHN              0              0              1
  HHZ              0            -90              1
    R       -132.718              0              1
    T       -42.7185              0              1
    Z              0            -90              1
EO.KSM13.              55.97867     -120.31870          683.0            0.0 
  HHE             90              0              1
  HHN              0              0              1
  HHZ              0            -90              1
    R        63.7479              0              1
    T        153.748              0              1
    Z              0            -90              1
PQ.NBC4.               55.68728     -120.66024          815.0            0.0 
  HHE             90              0              1
  HHN              0              0              1
  HHZ              0            -90              1
    R       -175.314              0              1
    T       -85.3141              0              1
    Z              0            -90              1
PQ.NBC5.               57.52311     -122.67763         1161.0            0.0 
  HHE             90              0              1
  HHN              0              0              1
  HHZ              0            -90              1
    R       -35.4273              0              1
    T        54.5727              0              1
    Z              0            -90              1
PQ.NBC7.               56.26779     -120.84262          676.0            0.0 
  HH1          357.8              0              1
  HH2           87.8              0              1
  HHZ              0            -90              1
    R        -17.592              0              1
    T         72.408              0              1
    Z              0            -90              1
PQ.NBC8.               56.57308     -122.40441          709.0            0.0 
  HH1          108.9              0              1
  HH2          198.9              0              1
  HHZ              0            -90              1
    R       -56.1113              0              1
    T        33.8887              0              1
    Z              0            -90              1
RV.BDMTA.              54.81291     -118.91490          935.0            0.0 
  HHE             90              0              1
  HHN              0              0              1
  HHZ              0            -90              1
    R        138.599              0              1
    T       -131.401              0              1
    Z              0            -90              1
RV.FAIRA.              56.10873     -118.86479          642.0            0.0 
  HHE             90              0              1
  HHN              0              0              1
  HHZ              0            -90              1
    R        78.3564              0              1
    T        168.356              0              1
    Z              0            -90              1
RV.WTMTA.              55.69422     -119.23975         1030.0            0.0 
  HHE             90              0              1
  HHN              0              0              1
  HHZ              0            -90              1
    R        104.779              0              1
    T       -165.221              0              1
    Z              0            -90              1
XL.MG01.               56.05484     -120.63799          721.0            0.0 
  HHE             90              0              1
  HHN              0              0              1
  HHZ            360            -90              1
    R       -1.51843              0              1
    T        88.4816              0              1
    Z              0            -90              1
XL.MG03.               55.91215     -120.44136          697.0            0.0 
  HHE             90              0              1
  HHN              0              0              1
  HHZ            360            -90              1
    R        79.3589              0              1
    T        169.359              0              1
    Z              0            -90              1
XL.MG05.               55.89514     -120.30195          795.0            0.0 
  HHE             90              0              1
  HHN              0              0              1
  HHZ            360            -90              1
    R        89.1894              0              1
    T        179.189              0              1
    Z              0            -90              1
XL.MG07.               55.78356     -120.40242          749.0            0.0 
  HHE             90              0              1
  HHN              0              0              1
  HHZ              0            -90              1
    R        130.399              0              1
    T       -139.601              0              1
    Z              0            -90              1
XL.MG08.               55.84116     -120.87307          722.0            0.0 
  HHE              0              0              1
  HHN              0              0              1
  HHZ              0              0              1
XL.MG09.               55.74419     -120.77962          795.0            0.0 
  HHE             90              0              1
  HHN              0              0              1
  HHZ              0            -90              1
    R       -150.501              0              1
    T       -60.5013              0              1
    Z              0            -90              1
XL.MG10.               55.72285     -120.06335          798.0            0.0 
  HHE             90              0              1
  HHN              0              0              1
  HHZ              0            -90              1
    R        118.212              0              1
    T       -151.788              0              1
    Z              0            -90              1
XL.MG11.               55.86168     -120.11468          657.0            0.0 
  HHE             90              0              1
  HHN              0              0              1
  HHZ              0            -90              1
    R        96.2171              0              1
    T       -173.783              0              1
    Z              0            -90              1
